19 0000000000000000000 0000
19 1000000000000000000 4B62
19 0000000000000000001 4599
19 1111111111111111111 4ECB
19 0101010101010101010 06CE
15 101100010100110 3CC4
1 1 4599
1 0 0000
19 0000101001010000000 45A4
27 000010100101000000101011010 59FE
83 00001010010100010001101111010101101101111101110111100000001001000110100010101100111 3AEF
19 0001001000110000000 6858
27 000100100011000000101011010 0499
83 00010010001100010001101111010101101101111101110111100000001001000110100010101100111 52F3
19 0010101010100000000 4063
27 001010101010000000101011010 61CB
83 00101010101000010001101111010101101101111101110111100000001001000110100010101100111 1290
51 000011011001000010011010110100110000111101100010100 191C
75 011110110100000011110110111010110010101101001100111000101111001011110001000 1DC3
83 00100111111010010000101101111101110001000001111010001110110101011101110110011010011 632D
59 00100110110010001010100000010010000001110010000011100011111 279B
75 001011110001100011100100101101111101110011110100110101111000110000010101001 1182
67 0101100000111000110001011001000100100110011110111011100000110110000 5E01
51 001100000001100010011010101100000111011000010010110 39B4
75 001011001001100011110111010111111000011001110110011010111000101011111110001 7582
35 01101000010010000101011000010011011 79B6
19 0111000110001000000 39A6
83 01000011101110010000111010000110111001111101100110101001101111111111111000000100101 40B0
67 0000001111001000110000111101111110000011000011101100100010000111110 6CB6
59 01100011110100001011111010111101000100101110011111110010101 55FA
51 001110001000100010010111111111010101101011100000101 7CD3
43 0001011001000000011011111111101111010011001 79A5
35 00101000001010000101111110110100001 630D
59 01011000001100001011101011011010110100110100100000100001111 357C
75 000101110110000011101111010100110001011101010100111010001000010001001001000 70AC
75 010001100100100011100111100100100011100010111111101001111100111011100001001 45E8
43 0010001011100000011111000111011101101010011 0F28
75 010000011010100011101001111101111011101101100010010100111001110001011101011 72C1
27 000110000011100000100010111 6695
19 0101001111100000000 05E3
19 0010001011110000000 33A0
75 000100110110100011110000001111010011110101110010110101011100011111000100000 7E16
43 0001011001100000011100000001111110101011100 1254
43 0001010011111000011001000011111001110010101 0866
83 01110101011010010001111111111000011000101011010011111111011000010010001010000001010 72AF
83 00000010001110010000011111010111001001010110100111111110111110110001000010111001001 04F2
51 011010011010100010000101011010100110000110100111110 6928
75 001001100100100011100100000100110001010010001011001011001011011111111010110 433A
75 000101110110100011110010111100011001001001001111011101111011110100110111011 05B4
67 0011110010100000110001111011110000011010110010010001011010010010110 03BC
27 000110100010000000111111001 4922
67 0110011000111000110111010010100001000110111101101110101000011100101 482E
51 011001010001100010010010000001101100001010111100101 0334
75 001010111000100011100100001001100100110010010001100010100100111100000010111 54CA
51 000010001011000010000101011101101110100011010100100 1318
19 0110011000101000000 38EF
67 0010101001101000110111111101110000111011100010010001011011011000110 499C
51 000011101100100010011100011101000100010101111011010 7242
83 00000110011010010001100100101111011010111101101000110011011000101011100110101011000 6FBF
51 010001010100100010011100011100111011000000100011100 5842
43 0011101010011000011111100011011001100110110 4ACA
75 001100001100000011110001110111100001001100101011010010001001001010101010011 5B84
43 0001000111110000011101111101100001111010111 1FB3
27 010100010000000000110010100 72BC
83 00000110101100010000100101111100001111100011000011110010101101001010011011100001001 4EC0
59 00001110000010001010110001101110101100110101000000100110101 42C1
67 0101010011001000110010001000011000100111011001010110010011001111101 6DDE
75 010100000000000011111000101010110010000101000010101101010110101101101011100 7CB3
43 0100100001001000011100010111000111100100111 1C0A
19 0000000100101000000 4E1C
19 0001111010111000000 3565
51 011110110110100010010100000010101101010110000110001 330D
59 01111110001010001010101010010101010011010111111110101011011 7E5C
35 00101010111000000101011111000111110 7B99
43 0111100011010000011110110101110011110111111 5592
35 01001101000010000100101111000000001 0AFA
19 0000100000011000000 4DD3
35 00101101001010000101011110101110000 7874
83 00001100111000010000100110010011011001000100101000100000001001011110011100011100111 2228
43 0101000110100000011001001010010001100001101 7EDD
51 011010110111000010011011000010101011011100000110001 1C79
35 00101010001110000101100011010111101 2339
19 0110100101010000000 5F99
35 01100101010000000100110010011101011 1071
35 00011111011110000101010001101010110 6B62
43 0110000011100000011011110111011100010111101 3F52
59 00010001000010001010110010110001001100101010001100111000000 0667
51 001111101100100010000100001101001001111001001010111 4019
51 001110010001000010001001110111110101001001111100011 5937
35 01101011001000000101001000111101000 2D4D
51 010111111001000010000011100011000011010110010110011 01D9
83 01100100100000010001001101110111100001011111111000101110100001101101111110010100010 0CC6
75 010010000110000011100111000100110000101101100011010000110101011111010010111 4823
67 0000010010100000110101011100010011011111010001100010111100110000111 7FC6
75 001000101111000011111111110110101110110101010001101110110010101010010100110 0E75
59 00011010010000001010110001000101111101010111011001100111101 00A4
35 01011111001010000101111110000111000 1D72
83 01000100100000010000000111001000101111110100011110000011111000110010001111101011000 4DFC
43 0001000000110000011110111011100101111010110 45EE
43 0110100111100000011011101000100111111000011 121E
51 000011001011100010001100110110101001100100111001010 412C
27 000001101101100000101001001 2C5D
83 01101111000100010001110011010000101011101111000101000111000010101111000001110011111 29CB
67 0111011111111000110001111101111110010100110111011000000011110101100 5977
19 0011110001011000000 24D6
67 0101110110100000110011010001101011110011101010011011111011101011001 6369
83 01110010111010010001011101100001110100111001111111010010010011101000011000000010010 1D59
83 00010100111000010000101011111000110011010011110101110110101100011011100001011100100 182A
59 01000011110000001011000011000100001111111100010100011100100 0290
83 00110010001100010000000110100011111101111101111000110111101000111011111100111100000 08F4
59 01100100000100001011110010101000000100010110010111000010010 663C
19 0101001111010000000 63D6
59 01011001001010001010100101110110001011000100100101000110101 6D92
75 000101110001100011110101111110110100000100110111011100110110001110000110111 3748
43 0000010111111000011111011011010010111011001 5820
19 0000000111001000000 19DC
59 01111100111100001011000100000001010100110101101010111111011 59E0
75 010000101000100011101010000110011010111101010000101101010111001011000111001 0CEA
83 00100110001000010000001010100000000010100100100111111111001000101100010110011001111 49D3
19 0010011011001000000 4A9E
59 00011110111010001010100000110010111111110001000000100101011 7AC2
19 0110010110010000000 3CB4
43 0101010010100000011010001110100000100110101 2880
35 00110101110010000100101111010101101 5EB0
75 000111011011000011111101100001010100110010101001100101000001001110011100001 66EA
75 000110110011000011100001110001110111110100010111011000000011001011000001111 7221
27 000000011010100000101101100 342B
43 0001011011101000011011001111010100011000001 5C44
19 0111011010110000000 0F00
35 01000100100110000101011010110111100 50F3
59 01001100000110001011111101001011110010000001000000110011100 2E2F
19 0000011000111000000 4F59
83 00000110010110010001110000011100101110010000010001110011010100001100001010110100110 2E44
27 001101001111000000101110100 2D03
35 01001100101110000100010010111001011 0F1D
67 0011111111000000110000010101111110011011100100011000111011010111001 41BD
83 01000001001010010000011110110000101111111101100011100011101111100011111010011001100 5BC3
67 0101010001010000110111000001010101011101100111011110000010000111101 6829
59 01101001001110001011111001010010001110111011001001111010110 3AC9
67 0100001000111000110011101011111001000010000011100001111101111011100 5456
27 001001100111000000111110011 7BD0
35 01001000010110000100010000001010010 7F07
75 011110010100100011110000010000000000001001101100100000101011001111101011001 1678
83 01001011000000010000101101000101100110101011001111001111111101001101001110111110001 4960
83 00111010111110010001010101110010100001001001100101110110101001011111110000011100110 05EA
43 0010010001011000011011010110101010010111001 6F96
83 00100011011000010001101001100001100110011010001011010110110110111011111001100100010 1B1E
27 010111111100000000100000000 2C66
67 0010110000111000110010001101011111100100001101000110111010101000011 6C72
27 011010111110100000111111111 52B9
27 010011110010100000111111000 72B0
51 000110101000100010000100000100000111110111101011110 7BBE
75 010011010001100011111111100100110110010100011001000000001011000110001100011 2FD6
75 011000000110100011101100111010101001001011110000000101101011001000110000011 0E6A
51 001110010110000010000111100100001011010111010010000 25C5
59 01100101010100001010100011100110010000101101111010000011010 5110
27 011101111000100000110110000 583E
83 01001010110000010001101000011111011011100010010011001001001000100011110011000100100 0F43
19 0000111010111000000 0D6F
43 0110100100110000011000100101100001001100001 39F5
35 00111001110100000100100000000111011 06EB
67 0001001111010000110010111111100000011000100101101011110011000010111 52AF
19 0110110000100000000 6148
75 000100110111000011110011111000000111110100011010010000111000000110001111110 183C
27 010111101000000000111110111 2E18
67 0010100111011000110001100010101111101100010000011111000010101010111 7572
59 00011100001000001011101100000010011100111101111100111010100 2634
27 000010101001000000110111111 2083
83 00000011100010010000111001100111000110111000011010111010000111000010100111110001110 010E
59 01001110100110001011010111001111001110101101100010111101100 2928
83 00010100000110010000010010111010000101101011010000000001101011110110011110001101110 0437
27 000111101111100000110100111 3C10
35 01010101111010000100001000111011100 5F36
35 00011000010100000100100000001010111 2C99
59 00100010111110001010001100001011010000111110001011100100011 5AA2
67 0110000001000000110001010111110101100011110011000001001000110010111 42DF
43 0101000011100000011011000010000000110000111 28C8
27 001000110011100000101010101 7DBF
43 0110001011101000011100001100001110100001100 2B17
43 0101001011011000011000000010110011010111111 16B2
43 0000100001000000011011010010101110010100100 25BE
19 0000111100101000000 08B0
83 00100011110110010001011000001010000111110100110110101111011111111111010110010001111 0391
27 000001000010100000111111101 65D6
83 00101111001010010001110000010100101110001110111110101000100000111110100111100101110 7C0D
67 0101110011000000110100011110011101000011000100110010100111100111010 3FE1
19 0110010000010000000 1B78
51 010100001111100010010110010000101011001101000111010 7E08
19 0110011001000000000 42D9
35 00000000010100000101010101110001001 2078
67 0000100001100000110010100101101101110111111010101111011111001000011 7342
67 0011010100011000110001100111000100011011011101010000110010101010101 5B3F
43 0001110101001000011110000000001010101111001 6059
67 0100001010010000110101100000010001010111001101111110110111000001110 3DE4
51 011011001110100010011011010000011100100111010101111 7810
59 01111011101110001010000100111000001110010000000110010001011 0BC1
19 0111111000111000000 3EF3
51 010010000011000010011101000000010101101111111101101 3D91
83 01111000010000010001100010010101001100111001010111011001001000000000001011111011011 74B4
67 0001111100000000110001110111110010110000001010110001111110111011111 1255
27 011101001111100000100000010 1FEE
83 00100010010000010000100101010111010001010110011110111100010000110010001110100001111 5EDC
51 010010110101000010000001110110100000000100011001101 2186
19 0000001100001000000 3C5D
51 000010010110000010001010010010010000111110000000101 4688
27 010011101000100000110010001 03EE
67 0111001111100000110110011100010110110000101100010010011000111100101 1DA8
27 000110010100000000101001111 6E37
59 00010110011010001011011100010000000000001010111001000111010 6BFC
43 0101010000010000011010111101110100011101000 5469
83 00101011101100010000001111110001001110000111101001011101000110000111101101001010111 209D
83 00010111011100010001111111011111100100111101011100100010010001110001110100000010101 62D2
43 0001000110100000011011001110011010011111111 68E9
59 01111100110010001010001111100010011000101100101111101101101 3462
83 01100110100110010000100001101101011011111001110001001010011101100111001101010000111 769D
35 01011011100110000101100011010011100 349A
27 000011010101100000110101101 02C8
32 11001110101101110000110011110000 2FA3
2 01 4599
59 01000111001010111011110111100010110100111011010100000000110 410F
48 000010100010001010001111010100100011110101011100 3051
58 0100110001100011111101000110011000111010011011011011111011 4074
92 11111000011000001100001101100101001011000100101011001001101011111011001101010100110111111000 195C
46 0111010100110001110101000100100111110111101001 4DB5
78 001001101001011110010010110100110100011110110001110011010110011101110101010101 452F
26 01101001111011100011110010 7E04
99 100000001000110100110101110110000010100101010010101010110010010100110101001000110001011110011111010 003E
71 01010001100000010001111000100000100010001111111111110010010110110110110 19E0
78 100110001000111100101100110010110111110011010011001100011010010010000100111010 3599
22 1111101111100001011000 707E
51 100111010101011011101101110110100010001100111100000 07BD
68 00000010011000110010100101001001001111001001100000100001011001010100 7E8A
6 001110 6263
58 1000001000001000110001001111000101001111100010100101010000 1D4D
61 0011110101101110110010111001010010001011101110110000011011101 1664
17 11011011100101000 6A5E
94 0100110001101110001000100010101101001000001001100000001111100111010100010011111000010111000010 5762
49 1100111101000101110001010101011001011110100100100 579C
43 0001001101111011000011101011111010011100100 4BA8
14 11111000000111 634D
21 110100001000101011011 46E9
64 1010010000011011110011101101010010000111110000000000101011011001 3A7A
18 100101110001110110 3B07
56 00001011110100000000001110010000100000011110100001111011 2D7B
5 00101 1D56
15 100000001001111 483A
4 1110 6263
85 1100011100101110010101110001111011101111110110110111101100010001110111111001111100101 38E3
99 011100001010101010101010001010001000000100111000010010011011110110100100000010010000000111001101000 2882
16 1101111101011000 1602
53 10001100111011110000111001101000110010111100101011100 2BD7
24 000100010000001100001100 360C
64 0000000110010001001111001110100100000100111011111001011101011001 1032
57 110110111001000001101001000000110001010010010001001001000 787F
84 000010010010011000011111101101011100011101011110010011011000101101100100111010010011 232E
38 11011011010100111110011000101011110001 3D67
97 0001001010101001000110111111000010011111100000110110000001001001011010001000010110101011111011010 52DE
64 1010100001011010011001011110010011000000110000111111011111111110 0417
34 1110111111001000110101001101111101 456D
30 000101100110111110101110001000 6166
68 11100001010010000001101110100101011110110101100001100101001011000011 4C5D
90 111000100110110000010000100001101000101011101110000111000110111010010110000100100110001000 464C
21 111011111110110010001 5C59
38 10011110000101001101101101001100101000 744B
69 011111001110000111111101011000110010001110001100110111110010110001100 21CF
46 1001101111101011100011010011011100100011000010 62C7
89 01011100110101001010011001011001010011100011010001001011001011110110010110110110110011011 7EF7
40 1011011101100000001110010011001100100011 1090
54 000101101101110000011000000100010000101100010110010101 33C4
24 110110000010111001101101 7FD1
3 100 58CF
32 10101011000100111100100111110000 2667
54 100000001011001101010010111111101100010110000111001011 2A05
31 0101101011000100110010001000010 69FA
81 001000001011100001010010110100000110000100100011110110110111110111011000111111101 716B
7 1010011 5560
55 0011100111101000001000100001011101101001000100111011001 0DDE
55 1100110010111001011111010101011001111010110011100000110 71AE
13 0000111011100 14AF
85 0000010111011010001100101010101110010110101001011000100000011011011101001100110100000 7992
78 010011011100100001001100110111101100011101000001111101010110001111110000101001 68D6
96 111111011110101001001110101011011000111101010000101011010010101100011010100011011001000010001111 3196
40 0110110101011111001110100000100001011111 3D62
34 0010101110001100010100001110100111 649E
97 0001001101110111110101011111111010100011110100010011101001110110100100100111110001011001101000000 7181
33 010010111011001110110010010000011 12D1
89 01000011000110101111000100111011110111111011001111100110010000011011010101010100101100001 3A25
67 1000001110111101010010100011000101110001110000011110000000010000101 18A9
29 11010111111011101000001100011 5ABF
1 0 0000
87 111010011011011000101100100110011111011000011100000011111001000101000110011101000011101 0596
26 10001010101010111000111011 7F92
16 1110001111101100 6702
20 00011001011010110110 2F51
21 100101001111101100010 0080
2 10 4EAB
95 11000010001100001010001110000001000001111001000010101011100011000010100100101110101011010111010 2D60
84 010001000110110011110010001111110001000011011010110101010001110110100000000001011001 78DD
68 11110000010111100001110011000011001010000011100011001001100110001001 2109
55 1100100111111000100010000100010111001011010000001001101 573B
72 000000111100100110100100101000110100110000001010010110001110111010101010 0ED8
62 00000110111100010001001111101110100011101010111011001010000000 7192
49 0100000110110111010001000111000101001000010001100 054A
93 010011111110100100001100000010101110100001011000100111111001010111010100001011110000000001101 0435
34 0111110110011110111011001110010101 7B81
91 1001001000011111111110101011011110001111011110110101000110101011010010100010001101110010000 1F3C
51 010001000010110011011111010110001010100101110001101 0064
78 100111111111100010101001101010001111011110100110101011001110101011101111110011 4550
40 1000010001010010001100000100101011101100 35DF
31 0010010110011100101101110110001 2753
80 10000111110110101000010110100011110110101100001111100000110101110000110101111111 0922
35 00001101000000101100101111011110101 50EC
65 10011010110011111111111101011000011101000011010100110110000010011 6348
90 000101100110010110010110100000010010111110110000011010111100111001010011000101100101100100 6E08
90 110110000010010000110101010010000111001100100110011000001010100010111110110110000110001100 69CB
58 0011110101100110010111000010111101100001011001100111001101 089C
92 11100111110111001011100111111011111010111100011011101100000001100110000001110001101111011000 30B9
67 0000010000010100100110001001001110000111010111011101111000110101010 607B
79 0011001101001011111111111001100010111101001011101001010111011111111000000111001 4A47
90 111001101000100111110000111101101011000010010001100001000011000001001001001001111100100110 45D6
33 111110010000001000111011011111011 5E2B
87 111111010111000000010001010111111001100011010010101110100011000010010011110000001101110 1D8C
25 0000011111110011010110100 1AD8
46 0001011100100000000101001100011100010010001010 5056
26 10110101001100011001001111 7EA5
19 0001000110010001010 0779
6 101000 2F29
7 0100101 4678
37 1110111010101100111111010001000000001 5EFF
18 101111000110001011 4217
20 00110110111001011001 20BB
56 01110110010010011010100010111111100101000111011000010101 537C
18 101000110100100100 7DB0
83 11110101111010111001010011100111010100010110010011011001110001100101010011000101000 78FE
70 1110011111101100110111100101111000001011111110100110100111000001110100 6649
48 010111111100101100110000111001110101111100011001 02EC
75 101001100111001110100000101101000001001101111100110100011111000000011000100 169B
50 01000110011011110001100010001001011110001111100100 37EC
72 110011110111111010110010000101000000010110010010000011110101010011110011 575E
29 01111010111000011100001110111 63C4
55 1010100100010110000111011100110100001000110110001111001 7DD7
16 0011001101100110 6DD5
2 11 0B32
61 1101101010011010111100101011001010010101000001111110001010111 78D9
67 1001001101100101000010001101010010001001010011101110001000100011111 430B
40 0011111011001010110110011011110001101111 23CF
77 11100010000000000011001001110011010100111100100110110111001001111111111011111 3CFF
19 1011101110110111111 39A4
29 11001111110100011010000100011 0247
65 00001111000100001101010010100100010110010010001111000110101011101 305D
18 111010000000100000 5A4F
24 100001010011000010011101 0876
76 0000001111100101010000111110101001111001111010011110010100000011011110000001 26F0
78 111000110011111100101111000110100111000111010001001110111100010111101000010001 7C02
38 01000011111010001110100100001011011010 1E8D
76 1111010010101001000111010100011010000001100010111110001110100000100110101101 30AA
67 0000111001001001100100000110100000000101010010011111001001010101111 13C4
27 001000110100101100001100101 6D17
49 1101011000001100011100111101010110111111111010110 782B
36 010001010001100000110101110101100011 47AA
36 110001110010100010001100011010100111 30FB
78 010010101110010000110100001100111110001110110011001000001001011000111110001111 4615
30 111000101100010000111011010000 53DA
20 00000010010010111111 41AD
83 01000000100110111111000101100100110000000001000101000111011110111011001010001000000 52D6
86 11000011011111101001000100001000101110001010111110000010100010001110001011000000010111 7689
31 1100001110100110001101101001010 3AB9
13 0110000000111 7431
64 0110001100111010100100101000011110001100110010110100111111101101 1B17
62 00111111100000000001011011010001001001010000110011100111101111 5DAD
45 001010111001101010001000011100111111111101001 323C
30 100100100101011011101101100011 1142
71 00111111100101111110011110001010000001011001001100000110101101011111110 3C67
45 011001001011111001001110111011100110010011010 5BAA
20 00111000101101010011 48C3
57 100010111111100001010110111111011111100011000100011111001 7D41
76 1101111111111100001000011100100111011010111101011011100010010011100100011100 75CA
94 1001101000110111100000010111010011010110010000111111110101111000010011101110111111001010100111 25E8
11 01111100000 030B
56 11000011000101110101100011001010001011100010010000011011 5526
9 110000011 6D07
13 0111110001011 7319
87 001010111110111011100100100110011001001100110110100100100001111001100111111000111001011 3EBD
54 011110000010100001011101000011101011100001101111101100 56D5
61 0100000001111010100000111001111110100001101110110101000010110 6DB4
90 101101011001111011100101000010110011000100101001110100111001000111011100101111101000010101 08B4
23 10101101010010101000000 375A
96 000100010010110001110100100010011001011101100101010101101011001101000110111100110111010010111110 3E27
75 000101010001010011000010001101001001111111010010101010001000011100001000101 0F8F
18 000011110101000101 57D0
2 00 0000
94 0010001100100101000011001010111111001100010100110010110000100110101111011001101001000011001010 5ED1
43 0111110010100100010010101110101011010100001 76ED
75 111100001100111000100111001001000010001010111010110001000000011110100110101 1EAF
76 0101000001110111000101010110100010010001011110001001111010000011000001110001 159A
70 1110011010000000101010010001001010001111010001010100100010000100101111 54F9
61 1111110101111000100011111010111101011110001000100101111101111 055E
50 01101011011000010001100010011110011101010000101011 74A5
54 101101010110000110010011010101100010100110000001011111 16A2
26 11111101111010011011000101 5E53
76 1000100101000001100100110011111001001111001110011011010110001110110001001111 52EB
93 000110011100101101110001110001110101010100010010101011001011010110100110110110000111111000111 50F4
97 0100011111011000111000001111110101000111000001001111000011111100101110110101110111111010001110110 54C0
16 0011000000111001 1D8E
33 101000101011101100110110011000001 51D3
86 01101100011100111101101000110001100111001100001100000010000010011000101100110001111011 0044
51 010011110110101110100110110010000110111101000001100 4114
55 1001011110010101011101100101011011100111001101000000101 2794
16 0101000100011001 724D
16 1011110011111110 0063
21 101000010001010001101 4218
23 11011000010011101010010 37A9
62 10000001111101101110100001110011100111110110110011001011101010 7D64
13 1101111110010 2FAF
51 110011001011111100110111101101110100011011000110010 364D
56 11001001011101010110101000011100001000010100100110111101 1AB1
11 11001001001 51BD
